没戏	没辙	0	0	0	0	0
只管	尽管	-0.06906051933765411	0.3357786238193512	0	0.3358376920223236	0.716720700263977
GDP	生产力	-0.11724648624658585	0.8604929447174072	0	0.8604714274406433	0.9316484332084656
包袱	段子	-0.0036158408038318157	0.5523202419281006	0	0.5521945357322693	0.3965493440628052
由此	通过	0.09214802831411362	0.5229132175445557	0.5235516428947449	0.5229138135910034	0.9773218035697937
日期	时间	0.1327180117368698	0.9370021820068359	0.9371229410171509	0.9370081424713135	-0.1666693389415741
爱面子	好高骛远	0	0	0	0	0
严厉	严谨	-0.13879622519016266	0.7116201519966125	0.7116355895996094	0.711635947227478	0.8913791179656982
一方面	一边	0.0485968254506588	-0.18781866133213043	-0.18845853209495544	-0.1877741515636444	0.9878668785095215
托福	GRE	0	0	0	0	0
亏	幸亏	0.0953093096613884	0.3770594596862793	0	0.37701910734176636	-0.32329410314559937
蹩脚	差强人意	0	0	0	0	0
容易	顺利	-0.0040667434222996235	-0.37408676743507385	-0.37478721141815186	-0.3740737736225128	0.9482801556587219
悲喜	大悲大喜	0	0	0	0	0
老气	土气	0	0	0	0	0
狭隘	狭窄	-0.19181706011295319	0.8388231992721558	0	0.8388363122940063	0.8298488855361938
抄袭	克隆	0.027876857668161392	-0.2617451846599579	0	-0.2616969347000122	0.2328016757965088
害臊	腼腆	0	0	0	0	0
幻境	红楼梦	0	0	0	0	0
依稀	清晰	0.18892095983028412	0.4054574966430664	0	0.4055001437664032	0.9609919786453247
权限	权力	0.3080848157405853	0.7040778994560242	0	0.7040678858757019	0.9044061899185181
伟大	壮烈	-0.008066389709711075	0.5696547627449036	0	0.5696461200714111	0.9479829668998718
娇艳	幽美	0	0	0	0	0
理解	理会	0.01568012870848179	0.19157245755195618	0	0.191612109541893	0.21002958714962006
酣睡	打鼾	0	0	0	0	0
自然	环境	0.32780784368515015	0.1663319319486618	0.16580726206302643	0.1662978082895279	0.8975090980529785
振兴	建设	0.03972860053181648	0.898175835609436	0.8979225754737854	0.8981609344482422	0.6329202055931091
节日	假日	0.09698841720819473	0.23820219933986664	0	0.23818610608577728	-0.26487499475479126
的哥	司机	0	0	0	0	0
几乎	差点儿	0	0	0	0	0
江湖	红尘	0.09999941289424896	0.5654471516609192	0	0.5654072761535645	-0.23826247453689575
路子	后门	0.026747748255729675	0.13713622093200684	0	0.13717599213123322	0.6873852610588074
牛脾气	我行我素	0	0	0	0	0
物品	物质	0.36951744556427	0.9252119064331055	0.9250996112823486	0.9252053499221802	0.8902875781059265
塞车	拥挤	0.10901044309139252	0.4641833007335663	0	0.4641675055027008	0.29454702138900757
面	首	0.47794386744499207	0.9392449855804443	0.939255952835083	0.939246416091919	-0.06040548160672188
冷僻	晦涩	0	0	0	0	0
免费	便宜	-0.03706980496644974	0.7081378698348999	0.7081097960472107	0.7081583738327026	0.9499854445457458
发票	账单	0.19913803040981293	0.910834789276123	0	0.9108432531356812	-0.32458555698394775
回收站	垃圾篓	0	0	0	0	0
典型	代表	0.0959971696138382	-0.02889973111450672	-0.030114196240901947	-0.028928009793162346	0.6345473527908325
必须	必需	0.045930635184049606	0.9601996541023254	0	0.9602069854736328	0.5795550346374512
出神	发楞	0	0	0	0	0
琢磨	镂刻	0	0	0	0	0
身姿	身手	0.009692053310573101	0.024686869233846664	0	0.024699188768863678	0.8689752221107483
质量	重量	0.10757049173116684	0.6017174124717712	0.602788507938385	0.6016876697540283	0.9729520082473755
事变	后院起火	0	0	0	0	0
大小	多少	0.24155154824256897	0.36482295393943787	0.36424821615219116	0.36482468247413635	0.7104701399803162
信物	证件	0	0	0	0	0
牺牲	粉身碎骨	-0.18124127388000488	0.6676469445228577	0	0.6675626039505005	0.904367208480835
豆蔻年华	黄金时代	0	0	0	0	0
血液	红细胞	-0.11147403717041016	0.14218305051326752	0	0.14223426580429077	0.8356145024299622
硅谷	中关村	-0.21669024229049683	0.6237437129020691	0	0.6237577199935913	0.6230331659317017
天赋	技能	0.11149271577596664	-0.023594820871949196	0	-0.023641511797904968	0.8451148271560669
酷	爽	-0.14297476410865784	0.015076312236487865	0	0.015066605061292648	-0.010308864526450634
旅客	驴友	0	0	0	0	0
隆重	重要	-0.061946988105773926	-0.6515843868255615	-0.6522126197814941	-0.6515856981277466	0.3030130863189697
候选人	备胎	0	0	0	0	0
平凡	平庸	0.26820871233940125	0.8705256581306458	0	0.8705405592918396	0.6609140038490295
了不得	好	-0.07931558042764664	0.8516810536384583	0	0.8516303896903992	0.3829207122325897
鸣谢	酬答	0	0	0	0	0
线路	行程	0.308599591255188	0.6472346782684326	0.6476475596427917	0.6473031044006348	0.9118852615356445
多角度	多元化	0	0	0	0	0
要面子	虚荣心	-0.2730327248573303	0.16579781472682953	0	0.16583876311779022	-0.8095176219940186
许可证	执照	-0.0478079617023468	0.02532343938946724	0	0.025303464382886887	0.4644070565700531
是非	方圆	0.03134783357381821	0.31397444009780884	0	0.3139721751213074	0.6781997084617615
崛起	凸起	0	0	0	0	0
工作日	开放日	0	0	0	0	0
大	高	0.3636554479598999	0.8558301329612732	0.8557536602020264	0.8558250665664673	0.970422625541687
吸引力	地磁力	0	0	0	0	0
右翼	左派	0	0	0	0	0
和谐	平安	0.06334786117076874	0.43242818117141724	0.4322066307067871	0.432465523481369	0.2809358835220337
商标	符号	-0.1937166452407837	0.6817100048065186	0	0.6817141175270081	0.620168149471283
违纪	贪污	0.4626767337322235	-0.08596045523881912	-0.08631379902362823	-0.08594287931919098	0.6192711591720581
环境	生态	0.8458271622657776	0.9288209080696106	0.9286611080169678	0.9288126230239868	0.9180008172988892
实践	进行	-0.11634472012519836	0.8777000904083252	0.8771114349365234	0.8776736259460449	0.7574684619903564
买卖	营销	0.34357696771621704	-0.1351872980594635	-0.13592109084129333	-0.13519953191280365	0.7349406480789185
合理	合理性	0.024478718638420105	0.9693060517311096	0	0.9693011045455933	-0.42544806003570557
辛勤	夜以继日	0.2788529396057129	0.4071684181690216	0	0.4072118401527405	0.5760265588760376
手续	过程	0.09403083473443985	-0.59625643491745	-0.5974136590957642	-0.5962865352630615	0.505727231502533
渣	废品	0.03550170361995697	0.01571207493543625	0	0.015776412561535835	-0.3232116997241974
高峰	山巅	0	0	0	0	0
收费	缴纳	0.19920894503593445	0.9643279910087585	0.9643007516860962	0.9643263220787048	0.8970693349838257
享受	大快朵颐	0	0	0	0	0
怯懦	胆小鬼	0	0	0	0	0
杂事	闲事	-0.16918611526489258	-0.7207449674606323	0	-0.7205016016960144	0.2401445358991623
言语	语言	0.0826234519481659	-0.33807286620140076	0	-0.33805781602859497	0.6754887700080872
借口	理由	0.1550428867340088	0.8993536233901978	0.8990543484687805	0.8993716835975647	0.4846626818180084
与	以及	0.025287175551056862	0.8628504276275635	0.8628485798835754	0.8628329634666443	0.5433327555656433
怯弱	狗熊	0	0	0	0	0
惠顾	照顾	0	0	0	0	0
迷人	气质	0.5689073204994202	0.8037277460098267	0	0.803726851940155	0.8015927076339722
果粉	米粉	0	0	0	0	0
榜样	样子	-0.040379639714956284	0.45801955461502075	0.45912161469459534	0.4580739438533783	0.6302050352096558
愚钝	大智若愚	0	0	0	0	0
打假	扫黄	0.2146230936050415	-0.47572922706604004	-0.47479957342147827	-0.4757205545902252	0.38618409633636475
均衡	全面	0.2679445743560791	0.6967858672142029	0.6965039968490601	0.6967617273330688	0.9213698506355286
制约	收敛	-0.0030229156836867332	0.2516844570636749	0	0.2517761290073395	0.7360692620277405
经营者	纳税人	0.2244447022676468	0.9251766204833984	0.9253517389297485	0.9251776337623596	0.7845757007598877
瘦弱	苗条	0.16134847700595856	0.9341580867767334	0	0.9341433048248291	0.9773868322372437
前途	道路	0.03512267395853996	0.5541530251502991	0.5534904599189758	0.5541006326675415	0.7569265365600586
遛弯	走路	0	0	0	0	0
爱心	慈善	0.280720055103302	0.32793912291526794	0.3281255066394806	0.32789939641952515	0.6017882823944092
光盘	硬盘	-0.023606084287166595	0.5538511872291565	0	0.5538384318351746	0.6075232625007629
一体化	集成化	0	0	0	0	0
销魂	陶醉	0	0	0	0	0
光荣	流芳百世	-0.08343131095170975	0.30899250507354736	0	0.30894961953163147	0.3743250370025635
观后感	影评	0	0	0	0	0
恼怒	愤慨	-0.05558072403073311	0.5748612284660339	0	0.574860692024231	0.7783898115158081
帮助	赞助	0.14194738864898682	0.966238796710968	0.9662760496139526	0.9662342071533203	0.8202829360961914
拥戴	崇拜	0.3242812752723694	0.9221477508544922	0	0.9221442341804504	0.6274479627609253
扯淡	闲聊	0	0	0	0	0
旅程	旅行	0.12175414711236954	0.48273223638534546	0	0.4827395975589752	0.4395747780799866
男孩	小伙子	0.4672872722148895	0.921859860420227	0.9217275381088257	0.9218682050704956	0.8757902979850769
见解	意见	0.14574162662029266	0.6140158176422119	0.6134845614433289	0.6140083074569702	0.7750641107559204
穷苦	贫穷	0.050450265407562256	0.5127503275871277	0	0.5127494931221008	-0.3404335379600525
生命	性命	0.047531068325042725	0.6204907894134521	0	0.6205464601516724	0.04413386061787605
滚蛋	滚开	0	0	0	0	0
维他命	维生素	0.38734227418899536	0.8960422873497009	0	0.8960824012756348	0.9897695183753967
多元化	年轻化	0.10297007113695145	0.656751275062561	0	0.656680166721344	0.4702259302139282
宝贵	金子	0.058902718126773834	0.7897780537605286	0	0.7898105382919312	0.14548753201961517
结构	系统	0.17281775176525116	0.8444023728370667	0.8441953659057617	0.8443791270256042	0.8105683326721191
玩偶	工具	0	0	0	0	0
丧失	失独	0	0	0	0	0
肚量	肚子	-0.1528954952955246	0.6145275831222534	0	0.6147229075431824	-0.26786330342292786
娇气	公主	0.2715612053871155	0.7070780396461487	0	0.7070645689964294	-0.5953001976013184
寒暑假	黄金周	0	0	0	0	0
笑料	活宝	0.0748777836561203	0.844801664352417	0	0.8448545932769775	-0.26842546463012695
百货	商场	-0.09637760370969772	0.5993611812591553	0	0.5994049310684204	0.8127036094665527
信息化	智能化	0	0	0	0	0
茶道	茶叶	0.10298102349042892	0.08364022523164749	0	0.08361673355102539	-0.04791314899921417
罪孽	犯人	0	0	0	0	0
感冒药	退烧药	0	0	0	0	0
难点	问题	0.12376243621110916	0.6833735704421997	0.6830793619155884	0.6833650469779968	0.5492989420890808
同事	朋友	0.6573139429092407	0.5455964803695679	0.5439199209213257	0.5456268191337585	0.7788606286048889
名字	姓氏	0.08880604803562164	0.620196521282196	0	0.6201594471931458	0.05859029293060303
网站	网页	-0.19945411384105682	-0.1708994358778	0	-0.17086058855056763	0.9983016848564148
名誉	名气	0.005296854767948389	-0.3465166389942169	-0.34413212537765503	-0.3465690314769745	0.4610777497291565
七情六欲	欲望	-0.09287320822477341	0.3403596878051758	0	0.340310275554657	0.1679760366678238
审理	问讯	0	0	0	0	0
工具	器具	-0.018763678148388863	0.0014329483965411782	0	0.0014065023278817534	0.460539311170578
意思	意义	0.12810836732387543	0.35777759552001953	0.35824647545814514	0.3578130602836609	0.562159538269043
优惠	降价	-0.043762851506471634	0.7937033176422119	0.7936866283416748	0.793670654296875	0.6983609795570374
伴随	陪伴	0.2646666169166565	0.1565479189157486	0	0.15657508373260498	-0.28357550501823425
尘垢	污秽	-0.023872770369052887	-0.3363557755947113	0	-0.33643653988838196	-0.17544186115264893
猫腻	阴谋诡计	0	0	0	0	0
吃醋	争风吃醋	0	0	0	0	0
软着陆	经济	-0.007204468362033367	0.2626182436943054	0	0.2625913918018341	-0.4201646149158478
生产力	创新	0.33830320835113525	0.9809452295303345	0.9808331727981567	0.980945348739624	0.9491801857948303
上市	盈利	0.5798748731613159	0.14769400656223297	0.1471133977174759	0.14769873023033142	0.8715304732322693
泼妇	女强人	0	0	0	0	0
载体	书本	-0.10151410847902298	-0.06834109872579575	-0.06856078654527664	-0.06829117983579636	0.9670514464378357
地址	小区	-0.04050395265221596	-0.2994465231895447	-0.3002724051475525	-0.29940304160118103	0.2127276062965393
价钱	票房	-0.08796100318431854	0.947044312953949	0	0.947044849395752	0.531958281993866
表彰	进步	0.18455737829208374	0.8550499081611633	0.8551800847053528	0.855044424533844	0.7962672710418701
理论	结论	0.059954624623060226	0.19316929578781128	0.19359725713729858	0.19314135611057281	0.5251985192298889
烦闷	失眠	0	0	0	0	0
亲人	敌人	0.2263169139623642	0.9492965340614319	0.9492947459220886	0.9492905139923096	0.9326018691062927
跳槽	移动	0.23432615399360657	-0.13673675060272217	0	-0.13671813905239105	0.6470605134963989
饮酒	喝茶	0.263772577047348	0.826766312122345	0	0.8267675638198853	0.902323842048645
财运	桃花运	0	0	0	0	0
女权	女性	0	0	0	0	0
一般	差	0.21098163723945618	0.7268301248550415	0.7264230251312256	0.7268447279930115	0.9313473701477051
赌局	扑克牌	0	0	0	0	0
宋	明	0.4068969786167145	0.9137767553329468	0.913992702960968	0.9137943387031555	0.6903191804885864
雾霾	阴天	0	0	0	0	0
程序	指令	0.3806992769241333	0.2783069610595703	0	0.2782956659793854	0.5397098064422607
关键字	关键	0	0	0	0	0
松驰	疲软	0	0	0	0	0
平等	平均	0.013615274801850319	0.5199798345565796	0.5192671418190002	0.51996248960495	0.2650044560432434
经营	张罗	0.024356795474886894	-0.45666903257369995	0	-0.45659327507019043	0.6927721500396729
客套	礼貌	0	0	0	0	0
利用	使用	0.43636199831962585	0.835405707359314	0.8347851037979126	0.8353985548019409	0.9462724924087524
审查	自纠自查	0	0	0	0	0
炖	焖	-0.025622686371207237	-0.5602724552154541	0	-0.5602983236312866	-0.5280030369758606
喜欢	崇敬	0.5156008005142212	0.896337628364563	0.8962996006011963	0.8963498473167419	0.8992447853088379
暗号	密码	0	0	0	0	0
规律	原理	0.3126007616519928	0.4921865463256836	0.49143898487091064	0.49214041233062744	0.9730877876281738
轻率	鲁莽	0.17865198850631714	0.9146856665611267	0	0.9146987795829773	-0.38076338171958923
手法	方法	0.4399237334728241	0.7316312789916992	0.73173987865448	0.7316016554832458	0.9742429852485657
准则	规则	0.5231170058250427	0.8238450288772583	0.8239062428474426	0.8238351345062256	0.9144555330276489
迂腐	墨守成规	0	0	0	0	0
闯祸	惹是生非	-0.07695670425891876	0.8951779007911682	0	0.8949440121650696	-0.7271935343742371
清晰	一清二楚	0.060646384954452515	0.8659142851829529	0	0.8658252358436584	0.37246859073638916
姐妹	闺蜜	0	0	0	0	0
扎实	脚踏实地	0.4961008131504059	0.7107997536659241	0.711211085319519	0.7108014225959778	0.9903910160064697
事物	东西	0.25619539618492126	0.5783563852310181	0.5785970091819763	0.5783782601356506	0.8922724723815918
睡	寐	0.036779507994651794	0.4850877821445465	0	0.48456329107284546	-0.3858615756034851
忌妒	妒嫉	-0.15826304256916046	0.222090482711792	0	0.2220548838376999	0.8481346964836121
俱乐部	富人	-0.041746240109205246	0.3893755078315735	0	0.38941431045532227	0.7579155564308167
味道	鼻子	0.28753164410591125	0.6092207431793213	0	0.6092498898506165	0.8737413287162781
绩点	老师	0	0	0	0	0
关心	放任	-0.07802493870258331	0.4200941324234009	0	0.4200710356235504	0.8232324123382568
空间	世界	0.04956968501210213	0.6075325012207031	0.6062757968902588	0.6075113415718079	0.993999183177948
僻静	冷静	0.06640315055847168	-0.39949414134025574	0	-0.3994729220867157	0.7462893724441528
字符	程序	0	0	0	0	0
裁判	足球	0.6913241147994995	0.9560150504112244	0.956031322479248	0.9560179710388184	0.8928810358047485
股票	银行	0.5112506747245789	0.9702260494232178	0.9701913595199585	0.9702228903770447	0.9885368943214417
红颜	面容	-0.26924729347229004	0.691457986831665	0	0.6914759278297424	-0.1485850214958191
著名	著作	0.49930819869041443	0.8806985020637512	0.8810360431671143	0.8806971311569214	0.8168119192123413
可能性	可靠性	0.07221899181604385	0.5142441391944885	0	0.5142285227775574	0.04267377033829689
占有	争取	-0.0640673115849495	0.6442955732345581	0.6435739994049072	0.6442580819129944	0.6036640405654907
合肥	巴黎	0.4837305545806885	0.9941214919090271	0.9940688014030457	0.9941293001174927	0.5708299875259399
热线	焦点	-0.06837417930364609	-0.09797565639019012	-0.09823982417583466	-0.09794040024280548	0.6183912754058838
影响力	破坏力	0	0	0	0	0
温度	湿度	0.43027153611183167	0.2541690170764923	0	0.2540976107120514	0.2225891500711441
痛苦	忍辱负重	0	0	0	0	0
偶遇	艳遇	0	0	0	0	0
公众	媒体	0.21590584516525269	-0.0017361037898808718	-0.003488680114969611	-0.0017903586849570274	0.9747112393379211
姑娘	青春	0.2755196988582611	0.7567234635353088	0.7570628523826599	0.7567449808120728	0.8198202848434448
多媒体	设备	0.6074237823486328	0.9911806583404541	0.9911775588989258	0.9911808967590332	0.9339849948883057
韩	日	0.7750213146209717	0.9982349872589111	0.9982386231422424	0.998235285282135	0.6481103301048279
钱	利	-0.07276560366153717	-0.04531717672944069	-0.04576405882835388	-0.045309606939554214	0.37655583024024963
细心	三心二意	0	0	0	0	0
博物馆	剧院	0.11238539963960648	0.6298221945762634	0	0.6298348307609558	-0.11636257916688919
诵读	歌唱	-0.14777052402496338	0.5947039127349854	0	0.5948387980461121	0.7932031154632568
阳光	雨露	-0.07984982430934906	0.808645486831665	0	0.8086574077606201	-0.7056127786636353
竞争	考试	-0.0017049049492925406	0.5065308213233948	0.5054048895835876	0.5064919590950012	0.9750040173530579
消灭	灭菌	-0.03815425559878349	0.5198221802711487	0	0.5199258327484131	-0.7638369798660278
饭局	交际	0.20045232772827148	0.9087964296340942	0	0.9090118408203125	-0.27054229378700256
媚俗	高雅	0.010991058312356472	0.23700858652591705	0	0.23703669011592865	-0.16962827742099762
密码	账号	-0.11289388686418533	-0.659015417098999	0	-0.6589578986167908	0.09217320382595062
夫人	孩子	0.0515073724091053	-0.44278231263160706	-0.44241753220558167	-0.4427748918533325	0.08727176487445831
简化	优化	0.26058462262153625	0.920228123664856	0.9199653267860413	0.9202426671981812	0.9826385378837585
侵害	性侵	0	0	0	0	0
故事	剧情	0.32112550735473633	0.9461842179298401	0	0.9462081789970398	0.7465409636497498
调整	整合	0.09232112765312195	0.8625629544258118	0	0.8625545501708984	0.8081445097923279
亲密	缠绵	-0.0886235162615776	-0.7295111417770386	0	-0.7295044660568237	0.5347784757614136
创新	发明	0.6491042375564575	0.8436001539230347	0.8438152074813843	0.8435612916946411	0.75126051902771
带头	敢为人先	0	0	0	0	0
公约	规章	0.41524091362953186	0.9932696223258972	0	0.9932670593261719	0.4992259740829468
高大上	超凡脱俗	0	0	0	0	0
解闷	排遣	0	0	0	0	0
放肆	大胆	0	0	0	0	0
合同	协议	0.3350290060043335	0.40945470333099365	0.4086427390575409	0.4094005227088928	0.7442822456359863
私语	嘀咕	0.03021896630525589	0.6505560278892517	0	0.6505556702613831	-0.19541767239570618
大概	差不多	-0.0015771142207086086	0.8822470307350159	0.8821288347244263	0.8822454810142517	0.9488257169723511
比如	譬如	0.024208735674619675	0.38020336627960205	0	0.3801913559436798	0.9665014743804932
友善	清新	0.09250912815332413	0.4146400988101959	0	0.4145713448524475	0.7116079330444336
胆小鬼	兔子	0	0	0	0	0
繁荣	泡沫	0.29960745573043823	0.9753788113594055	0.9753886461257935	0.9753779172897339	0.40048879384994507
智力	想象	0.24004358053207397	0.12561213970184326	0.12560220062732697	0.12558311223983765	0.33036118745803833
茶馆	企业	0.012403103522956371	-0.1681726574897766	-0.1672976016998291	-0.1681898534297943	0.522286057472229
消极	四大皆空	0	0	0	0	0
爱怜	同病相怜	0	0	0	0	0
激励	缅怀	0.0740266740322113	0.004682871513068676	0	0.0046033598482608795	0.7575945258140564
灌输	讲解	0.3904874920845032	0.7824457883834839	0	0.7824202179908752	0.3300725519657135
车辆	行人	0.3485645651817322	0.19879959523677826	0.198733851313591	0.19869902729988098	0.9036250114440918
偏见	认知	0.10212386399507523	0.847490131855011	0	0.8474776744842529	-0.07534018158912659
北京市	成都市	0.21254104375839233	-0.32068493962287903	-0.32121506333351135	-0.3207036852836609	0.8619579672813416
水果	西红柿	0.13289512693881989	0.3369763493537903	0	0.33704495429992676	0.39720749855041504
艺术家	地理学家	0	0	0	0	0
干涉	管理	-0.03525729104876518	0.9429212808609009	0.9428787231445312	0.9429187178611755	0.6281474828720093
管理	托管	-0.03695955127477646	0.23815585672855377	0	0.23809896409511566	-0.30798014998435974
书籍	图书馆	0.2843411862850189	0.6937845945358276	0.6935710310935974	0.6937627792358398	0.8996590971946716
框架	组织	-0.309451699256897	0.946937084197998	0.946935772895813	0.9469353556632996	0.5223327279090881
炮兵	海军	0.08800788968801498	0.8648910522460938	0	0.8649044632911682	-0.46593496203422546
学习	上课	0.07427211105823517	-0.49960675835609436	-0.500012218952179	-0.49960747361183167	0.9019795656204224
图书馆	文化宫	-0.07789323478937149	-0.3305167853832245	0	-0.33073490858078003	0.19170115888118744
欲望	情欲	0	0	0	0	0
独立	啃老	0	0	0	0	0
同学	同事	0.4653570353984833	0.8942263722419739	0.8940300941467285	0.894248366355896	0.6665772795677185
语文	数学	0.2093825489282608	-0.023164259269833565	-0.02219339646399021	-0.023145044222474098	0.7485108375549316
低贱	崇高	0	0	0	0	0
海域	渤海湾	0.23877941071987152	0.7077040076255798	0	0.7076794505119324	0.039979979395866394
奖赏	惩罚	-0.019597653299570084	0.10319657623767853	0	0.1031675785779953	-0.2640220820903778
名称	外号	0.03694334253668785	0.8595568537712097	0	0.8595456480979919	0.9366636872291565
霸气	气场	0	0	0	0	0
数据库	信息	0.2542751729488373	0.7336758375167847	0.7330266237258911	0.7336577773094177	0.26684826612472534
波涛	海水	0.5370769500732422	0.6886749863624573	0	0.6886945366859436	0.21893835067749023
唱	颂	0.02292785607278347	0.3154560327529907	0.3150426745414734	0.31544482707977295	0.19188879430294037
鬼话	谎言	0.16266091167926788	0.0024177376180887222	0	0.0023794814478605986	-0.12377970665693283
顺应	附和	-0.04546668753027916	0.5508012771606445	0	0.5507749319076538	-0.6103959679603577
较真儿	死板	0.001867378130555153	0.3172236680984497	0	0.3171634376049042	-0.08918583393096924
乐观	阳光	-0.030790435150265694	0.36008962988853455	0.3591022491455078	0.36006394028663635	0.6088039875030518
羞辱	辱	-0.06469184160232544	0.7453187704086304	0	0.7454921007156372	0.8312261700630188
赋予	给予	0.3164305090904236	0.60015869140625	0.5992392301559448	0.6001418828964233	0.7919992208480835
伪善	虚伪	0	0	0	0	0
在行	熟练	-0.1742330938577652	0.4293897747993469	0	0.429385244846344	0.3994010388851166
怪异	奇怪	0.058267805725336075	0.7648656964302063	0	0.7648594975471497	0.7887946963310242
谦卑	谦逊	0	0	0	0	0
反应	反响	-0.05779656767845154	-0.5756313800811768	-0.5766994953155518	-0.5756746530532837	-0.33207905292510986
过时	落伍	0.07666280120611191	0.7837122678756714	0	0.7837088704109192	0.6892993450164795
金钱	钱财	-0.07493936270475388	0.9487466812133789	0	0.9487317204475403	0.7815750241279602
种	栽	0.5889599919319153	0.9118947982788086	0.9119572639465332	0.9119005799293518	0.924838662147522
对话框	窗口	0	0	0	0	0
弥补	补偿	0.2674645185470581	0.44123294949531555	0.440387487411499	0.4411948025226593	0.7675662636756897
财力	精力	0.15511231124401093	0.8742095828056335	0.8741311430931091	0.8742071986198425	0.9109174609184265
功夫	素养	0.06587246805429459	-0.36775752902030945	-0.36907127499580383	-0.367680162191391	-0.089382603764534
竞争力	鉴赏力	0.2686884105205536	0.26580676436424255	0	0.2657526433467865	0.028986146673560143
比赛	团队	0.017545249313116074	-0.6733297109603882	0	-0.6732955574989319	0.18292292952537537
企业家	作曲家	0.2083704024553299	0.32400020956993103	0	0.32396310567855835	0.47381100058555603
素菜	牛肉	0.10143627226352692	-0.3554423153400421	0	-0.35537827014923096	0.012580662965774536
报警	报告	-0.0044763358309865	0.8107165694236755	0.8110238909721375	0.810724675655365	-0.024176474660634995
残疾	死亡	0.13352881371974945	0.7969986796379089	0.7973631024360657	0.7970013618469238	0.5634204745292664
指导	斥责	0	0	0	0	0
利润	成本	0.5293492674827576	0.8253545165061951	0.8250852227210999	0.8253440260887146	0.9900772571563721
思想	智力	0.058683548122644424	0.9947233200073242	0.9947192072868347	0.9947223663330078	0.5890388488769531
配合	违抗	-0.005304797552525997	0.728823184967041	0	0.728814423084259	-0.3580029308795929
电话	邮件	0.09359313547611237	-0.6667802333831787	0	-0.6667895913124084	0.874449610710144
公司	代销店	0	0	0	0	0
苹果	香蕉	0.17351911962032318	0.47669506072998047	0	0.4766785502433777	0.8532265424728394
盈利	亏损	0.7093815803527832	0.6653296947479248	0.6646884083747864	0.6653333306312561	0.9289825558662415
公益	善心	0	0	0	0	0
总理	主席	0.23504923284053802	0.9993036389350891	0.9993013143539429	0.9993034601211548	0.8796667456626892
医生	护士	0.33514413237571716	0.35801613330841064	0.35742878913879395	0.3579982817173004	0.004035985562950373
疼爱	溺爱	0.18215639889240265	-0.3631305992603302	0	-0.3631140887737274	0.9266013503074646
新闻界	舆论界	0.07580581307411194	0.2503944933414459	0.24985313415527344	0.2503075897693634	0.8155132532119751
眺望	展望	0.07783764600753784	0.4849593937397003	0	0.4849682152271271	-0.24187828600406647
发怒	恼羞成怒	-0.1678304821252823	-0.3646548390388489	0	-0.36474674940109253	-0.7878804206848145
执着	倔强	0	0	0	0	0
牵强	勉强	0.19188882410526276	0.13712109625339508	0	0.13702519237995148	-0.5548344850540161
散伙	离别	-0.033208418637514114	0.33170685172080994	0	0.33173298835754395	0.8993642330169678
支柱	骨干	0.14141568541526794	0.9778979420661926	0.9779569506645203	0.9778964519500732	0.8850408792495728
慰劳	犒赏	0	0	0	0	0
心态	心境	0.32066935300827026	0.5707786083221436	0.5707907676696777	0.5707793235778809	0.9602630138397217
走神	愣	0	0	0	0	0
诀窍	秘籍	0	0	0	0	0
成果	果实	0.05729509890079498	0.2403823733329773	0	0.24037998914718628	0.9106888175010681
恼	怒	0	0	0	0	0
犹豫	踟蹰不前	0	0	0	0	0
作用	功能	0.3397846221923828	0.9124547839164734	0.9119548201560974	0.9124295115470886	0.09547575563192368
怜爱	爱怜	0	0	0	0	0
化肥	化学肥料	0.2514316439628601	0.08916154503822327	0	0.08919915556907654	-0.39564207196235657
物流	顺风	-0.07725407183170319	-0.6851159334182739	0	-0.6852017641067505	-0.31948578357696533
皮肤	眼睛	0.2561754286289215	0.9262701869010925	0.9263692498207092	0.926288902759552	0.8526744246482849
印象	大脑	0.02510812319815159	0.9793426990509033	0.9794028401374817	0.9793409109115601	0.17489594221115112
阶层	皇室	0.13377980887889862	0.131652370095253	0	0.13164708018302917	0.13097478449344635
新鲜	空气	0.06511401385068893	0.9244630932807922	0.9246586561203003	0.9244975447654724	0.9626149535179138
法庭	律师	0.14961247146129608	0.1512817144393921	0.15079084038734436	0.15127138793468475	0.7532153725624084
文章	理论	-0.05574636161327362	-0.40069377422332764	-0.4010729193687439	-0.400696724653244	0.8694329261779785
行星	月亮	0.15726523101329803	0.17298167943954468	0	0.1730017364025116	0.8300551772117615
日记	文章	0.08025612682104111	0.4086819589138031	0.4082520306110382	0.40875154733657837	-0.1683807373046875
食物	水果	0.39074185490608215	0.5290706157684326	0.5293654203414917	0.5290939807891846	0.1730060577392578
俗	美	0.2994883954524994	0.25156885385513306	0	0.2516300082206726	0.27620142698287964
会员卡	会员	-0.07878497242927551	0.025463519617915154	0	0.0255687665194273	0.8448839783668518
欧洲	南美洲	0.28552165627479553	0.7969444990158081	0	0.7968484163284302	0.13977092504501343
风景	山水	0.059489667415618896	0.7624303698539734	0.7623316049575806	0.7624590992927551	0.6268299221992493
文体	骚体	0	0	0	0	0
没劲	兴致勃勃	-0.11676719039678574	0.310383677482605	0	0.31037065386772156	0.6787225604057312
新浪	腾讯	0	0	0	0	0
服装	裙子	-0.11214064061641693	0.6179612874984741	0	0.6179736852645874	0.46384453773498535
凉快	炎热	0	0	0	0	0
歌舞	迪斯科	-0.18987587094306946	0.5878244638442993	0	0.5878450274467468	0.6063258647918701
小学生	大中学生	0	0	0	0	0
汽车	越野车	-0.06187308207154274	0.018786761909723282	0	0.018616214394569397	-0.18904706835746765
团购	购买	0	0	0	0	0
平台	环境	-0.08494682610034943	-0.3637942671775818	-0.363924115896225	-0.36380258202552795	0.8637320399284363
研讨	争论	0.2562359571456909	-0.5976014733314514	-0.5983771085739136	-0.5976108312606812	-0.10342567414045334
演说	说话	-0.17751958966255188	0.19086429476737976	0	0.19088253378868103	0.02199472300708294
虚拟	编造	0.07936088740825653	-0.17029939591884613	0	-0.17033033072948456	0.6162401437759399
高风险	风险	0	0	0	0	0
感动	热泪盈眶	0.15488027036190033	0.352613627910614	0	0.35257476568222046	0.6006549000740051
底薪	工资	0.11159218102693558	-0.6920672059059143	0	-0.6921480894088745	0.9018043875694275
扶持	提携	0.2167610228061676	0.3317093253135681	0	0.3317108452320099	0.11033208668231964
有效	有用	-0.20933589339256287	0.5058278441429138	0.5059809684753418	0.5058439373970032	0.7002412676811218
圆满	大功告成	-0.008855835534632206	-0.07402180880308151	0	-0.07386725395917892	0.5728967189788818
邀请	诚邀	0	0	0	0	0
破烂	破烂不堪	0	0	0	0	0
信誉	信用	0.21658213436603546	0.9561553001403809	0.9561310410499573	0.9561511874198914	0.49852919578552246
孤单	寂寞	-0.043450601398944855	0.9559811353683472	0	0.9559617042541504	0.7000219225883484
会见	会晤	0.21803662180900574	0.9177106618881226	0.9178282618522644	0.917712926864624	0.3435460925102234
背地里	背后	0	0	0	0	0
实质	本质	0.3342333436012268	0.17775943875312805	0.17731896042823792	0.17772755026817322	0.1465279459953308
枯萎	凋零	-0.029827194288372993	0.19092197716236115	0	0.19086582958698273	0.8014899492263794
互联网	因特网	0.2583715319633484	-0.5505368709564209	0	-0.5504666566848755	0.06880383938550949
课程表	课表	0	0	0	0	0
洁癖	网瘾	0	0	0	0	0
讲座	座位	-0.11298204213380814	-0.038438621908426285	-0.03859415277838707	-0.03839464113116264	0.5938625931739807
粗鲁	文盲	-0.07366655766963959	0.4344753921031952	0	0.4344460070133209	0.3906210958957672
女士	白骨精	0	0	0	0	0
电话	设备	0.2692548930644989	-0.5135307908058167	-0.5142324566841125	-0.5135631561279297	0.7690163254737854
欢迎	迎宾	0	0	0	0	0
气温	高温	0.4642742872238159	0.9222208857536316	0.9220892190933228	0.9222201108932495	0.9705119729042053
成功	失意	0.07901786267757416	0.14658601582050323	0	0.1466744840145111	0.6101529002189636
积极	消极	0.2888743281364441	0.7379233837127686	0.7379475831985474	0.7379093170166016	0.5914722084999084
君子	小人	0.7461205124855042	0.7237222790718079	0	0.7237484455108643	0.3347529470920563
认真	马虎	0.02342168055474758	-0.5134538412094116	0	-0.5133882164955139	0.6629803776741028
北大	清华	0.18182715773582458	0.9823834896087646	0.9823400974273682	0.9823893308639526	0.3695910573005676
国王	女王	0.29172664880752563	0.8641985058784485	0	0.8642051815986633	0.11901167035102844
商业	工业	0.2074500322341919	0.92769455909729	0.9274700880050659	0.927676260471344	0.895348846912384
闺房	卧室	0	0	0	0	0
削减	裁员	0.1100524440407753	0.8461427092552185	0	0.8461139798164368	0.9633714556694031
检验	查	0.17214059829711914	0.3766342103481293	0.3775179088115692	0.37668558955192566	0.6860350966453552
席位	位置	0.2662125825881958	0.9442419409751892	0.9443120956420898	0.9442514777183533	0.9798356294631958
奖励	记功	0	0	0	0	0
麻利	灵活	0.08353766053915024	-0.19725793600082397	0	-0.197280615568161	0.7726554870605469
随意	随便	-0.04225544258952141	0.12314662337303162	0.12129081785678864	0.12313981354236603	0.733777642250061
奋斗	努力	0.3846949636936188	0.6718419194221497	0.6715230941772461	0.6718027591705322	0.749634861946106
高兴	兴奋	0.6306204795837402	0.8659615516662598	0.8661726117134094	0.8659822344779968	0.8513758778572083
猜忌	多疑	0.12475612759590149	0.9360748529434204	0	0.9360743761062622	-0.2858596444129944
轻蔑	藐视	0	0	0	0	0
服气	口服心服	0.07916037738323212	0.3365197777748108	0	0.3365054130554199	0.3042684495449066
入场券	门票	0.37744852900505066	0.3850692808628082	0	0.3850722908973694	0.816346287727356
生物钟	地球仪	0	0	0	0	0
年级	成绩	0.3588179647922516	0.6519319415092468	0	0.6519360542297363	0.8549628853797913
矩阵	数据	0	0	0	0	0
杯子	饮料	0.0727662593126297	0.051818668842315674	0	0.05196916311979294	-0.05390752851963043
杯子	实体	0.07094202935695648	-0.3868311941623688	0	-0.3867649734020233	0.6955649852752686
困倦	生病	0.09155914187431335	0.4908888638019562	0	0.49095404148101807	0.8788817524909973
政敌	情敌	0	0	0	0	0
灾区	地震	0.08315404504537582	-0.12011312693357468	-0.12122831493616104	-0.12022459506988525	0.07503896951675415
生日	蛋糕	0.05809329077601433	0.9019919037818909	0	0.9020196795463562	0.5061122179031372
泡沫	肥皂	-0.10828907787799835	0.8617799878120422	0	0.8617164492607117	0.02283618040382862
电影	导演	0.1117815151810646	0.6445671916007996	0.6442528367042542	0.6445578336715698	0.8216589093208313
学生	老师	0.6289555430412292	0.46185481548309326	0.4619600474834442	0.46188443899154663	0.9706127047538757
自动	手动	0	0	0	0	0
大学	中专	-0.019788440316915512	0.7270830273628235	0.7261481881141663	0.7270362973213196	0.14688169956207275
交易	交换	0.1045239195227623	0.36868274211883545	0.3674687147140503	0.3686763048171997	-0.4122563600540161
快乐	欣喜若狂	0.11199332028627396	0.6267143487930298	0	0.6267555952072144	0.18769794702529907
邪念	非分之想	0	0	0	0	0
平静	心平气和	0.3404601216316223	0.6886107921600342	0	0.6886327862739563	0.3145666718482971
任命	委以重任	0	0	0	0	0
瞎扯	编造	0	0	0	0	0
相信	信赖	0.10080086439847946	-0.48449939489364624	-0.4852403402328491	-0.4844811260700226	0.31114256381988525
支部	面部	0.08336260914802551	0.47746768593788147	0	0.4774392545223236	0.7640287280082703
正义	人民	0.3143370747566223	0.9717035889625549	0.9716766476631165	0.9717022180557251	0.835058867931366
转基因	大豆	0	0	0	0	0
白宫	宿舍	-0.019103487953543663	0.5104373693466187	0.5115612149238586	0.5104413628578186	-0.5087776184082031
解释	分解	0.03105035237967968	0.31930068135261536	0.319220632314682	0.31932929158210754	0.6555482745170593
自卑感	历史感	0	0	0	0	0
距离	速度	0.15681269764900208	0.5551198720932007	0.5548417568206787	0.555057942867279	0.6442164778709412
投资者	收入	-0.050033990293741226	0.5379844307899475	0.5372467637062073	0.5379561185836792	0.9348562359809875
网络	硬件	0.2508051097393036	0.6772464513778687	0.6768044829368591	0.6772103905677795	0.6151836514472961
责任	保险	0.29535624384880066	0.7698435187339783	0.7696095108985901	0.7698532938957214	0.6469670534133911
比赛	胜利	0.12152215838432312	0.022799409925937653	0.021568361669778824	0.02284359559416771	0.5149185657501221
亲近感	荣誉感	0	0	0	0	0
壁橱	衣服	0	0	0	0	0
无用功	效率	0	0	0	0	0
课程	学校	0.4667508602142334	0.5118167400360107	0.511384129524231	0.5117640495300293	0.9750931262969971
学者	学习	-0.038255367428064346	0.9056491255760193	0.9053877592086792	0.9056356549263	0.907733142375946
超市	食品	0.25064176321029663	0.8872565031051636	0	0.8872746229171753	0.10336460918188095
家属	丈夫	0.041039202362298965	-0.4916306734085083	-0.4918324947357178	-0.4916129410266876	0.8822224736213684
国企	私企	0	0	0	0	0
勾画	描摹	0	0	0	0	0
想法	主意	-0.05153045058250427	0.9496086835861206	0	0.9496126174926758	0.44419240951538086
美	靓	0	0	0	0	0
牢固	坚不可摧	0.2248745858669281	0.014666427858173847	0	0.014602507464587688	0.9531716704368591
凌乱	乱七八糟	-0.14144936203956604	-0.4511522650718689	0	-0.45115506649017334	0.5133181810379028
工作	干活儿	-0.07818928360939026	-0.4003711938858032	0	-0.40039169788360596	0.7427476048469543
恭贺	恭喜	0	0	0	0	0
拍马屁	谄谀	0	0	0	0	0
PC	计算机	0.10987341403961182	0.4478096663951874	0	0.44780394434928894	0.8690950274467468
行	可以	0.03481543809175491	0.9273431897163391	0.927471399307251	0.927351176738739	0.591300368309021
死党	共和党	0	0	0	0	0
歌剧	工业	0.03948913887143135	-0.3047874867916107	-0.3052552342414856	-0.3048088252544403	0.8551781177520752
轻浮	轻松	-0.1561976969242096	-0.2693316340446472	0	-0.2693268060684204	0.7838629484176636
职业	教育	0.49740877747535706	0.8747215867042542	0.8747912645339966	0.8747071027755737	0.9691445827484131
物理	质子	0.3363294005393982	0.9338353872299194	0	0.9338313937187195	0.443989098072052
网球	球拍	0.033869534730911255	0.38340938091278076	0	0.38338351249694824	-0.05594052001833916
缓慢	飞快	0.24091610312461853	-0.5188340544700623	0	-0.5188082456588745	0.8498167395591736
人民币	美元	0.11356950551271439	0.5607529878616333	0.5598742961883545	0.5607513785362244	0.9477328062057495
青年	中青年	0.5788562893867493	0.7195459008216858	0.7192484736442566	0.7195519804954529	0.7454661130905151
境界	意境	0.1620597094297409	0.8870301842689514	0	0.8870177268981934	0.4063096046447754
跋扈	骄横	0	0	0	0	0
弘扬	发扬	0.625694990158081	0.9573928713798523	0.9573630690574646	0.9573854804039001	0.9733869433403015
恶劣	坏	0.23124031722545624	-0.05488185957074165	-0.055754996836185455	-0.05493904650211334	0.8689278960227966
更加	愈发	-0.06586425751447678	0.4155050814151764	0	0.41550856828689575	-0.7599763870239258
优秀	出众	0.22452163696289062	0.5386610627174377	0	0.5386531352996826	0.5983745455741882
计算机	新闻	-0.008952382951974869	0.8717817068099976	0.8719797730445862	0.8717744946479797	0.952138364315033
期刊	协会	-0.00920486357063055	0.533992350101471	0.5323001742362976	0.5339237451553345	0.8036374449729919
纸老虎	狮子	0	0	0	0	0
冷静	荒凉	0.14259937405586243	0.8196238279342651	0	0.8196349740028381	0.8418994545936584
乡村	故事	0.09968025982379913	0.4626287817955017	0.4622080624103546	0.4626269042491913	0.7207971215248108
出路	山路	-0.15240292251110077	0.3239811062812805	0	0.3239818215370178	0.7370641827583313
能源	危机	-0.03387325257062912	0.9027508497238159	0.9027320742607117	0.9027263522148132	0.02438812516629696
房价	面积	0.3358210325241089	0.8831068873405457	0.8829612731933594	0.8831120133399963	0.9727802872657776
龙头	老大	-0.025591494515538216	-0.060167066752910614	0	-0.06021222844719887	0.7087888717651367
安排	部署	0.2664998769760132	0.6599975228309631	0.6594575643539429	0.6599586606025696	0.9817078709602356
文明	吸烟者	0	0	0	0	0
普及	担当	0.06863041967153549	0.13238756358623505	0.1315363198518753	0.13237003982067108	0.8637141585350037
困难	自怨自艾	0.1647639125585556	0.3300532102584839	0	0.3300204277038574	-0.023778004571795464
造型	照片	0.10279742628335953	0.8420085310935974	0.8417669534683228	0.8419946432113647	0.8714010715484619
抠门儿	小气	0	0	0	0	0
假货	赝品	0.29405122995376587	0.648140013217926	0	0.6481859087944031	0.6424610614776611
拖后腿	拉后腿	0	0	0	0	0
天下	气候	-0.018806926906108856	0.0404970720410347	0.04043646901845932	0.040516696870326996	0.15723726153373718
轻	善	-0.005306096747517586	0.9649092555046082	0.964789867401123	0.9649120569229126	0.7248327136039734
日程	季度	0.00455941678956151	0.23541873693466187	0	0.23545505106449127	0.8733223676681519
宇宙	蚂蚁	0.17654883861541748	0.150437593460083	0	0.15043677389621735	0.5230173468589783
面包店	绿豆粥	0	0	0	0	0
结盟	无理取闹	0	0	0	0	0
免税店	飞机	0	0	0	0	0
逃课	创业	0	0	0	0	0
态度	秋波	0.12221671640872955	0.8987939953804016	0	0.8987758755683899	0.9482359886169434
但	但是	0.8124196529388428	0.9847510457038879	0.9848282933235168	0.9847537279129028	0.9944490194320679
赢	胜	0.5307105183601379	0.6883023381233215	0.688591718673706	0.68831866979599	0.9656912684440613
调查	努力	-0.16290442645549774	0.4755135178565979	0.4748196303844452	0.47550275921821594	0.9883763790130615
玻璃	魔术师	0.47320887446403503	0.8040977716445923	0	0.8041500449180603	-0.15954187512397766
干扰	上网	-0.07606925070285797	0.254062294960022	0.2521404027938843	0.2539962828159332	0.9273560047149658
课堂	美食	0.012063649483025074	-0.011866630986332893	0	-0.01181369461119175	0.6721684336662292
情节	黄色	0.19744452834129333	0.034845490008592606	0.03461586311459541	0.03484305366873741	0.8850134611129761
计算机	电脑	0.49192073941230774	0.7255187034606934	0.7254890203475952	0.7255340218544006	0.9540199041366577
讲价	打架	0	0	0	0	0
教授	黄瓜	0.061806581914424896	0.06689794361591339	0	0.06695514172315598	0.9179628491401672
控制	恐高	0	0	0	0	0
阻力	天花板	-0.2717902362346649	0.35417553782463074	0	0.35423827171325684	0.9310974478721619
WTO	世界贸易组织	0.5108752846717834	0.9417029023170471	0	0.9417054057121277	-0.33710798621177673
紫禁城	故宫	-0.093869149684906	0.7587943077087402	0.7591192126274109	0.7587944269180298	0.003452298929914832
算盘	计算机	-0.09007176756858826	0.4460161626338959	0	0.44611164927482605	0.518735945224762
